0.6383004
0.7648679
1.401677
2.399435
2.89513
3.843839
4.784474
5.287875
7.300567
7.462684
7.613656
7.890844
10.44645
11.4397
13.55943
14.14487
17.97125
18.94708
19.56065
20.61845
21.91834
23.1702
23.51229
24.04552
24.34434
25.40996
28.00257
28.49856
33.70626
34.26941
35.59065
35.81608
38.0147
39.74991
42.71798
44.11809
44.1717
45.37614
45.93027
46.32287
46.731
46.79425
49.52432
53.04482
53.43343
55.25452
56.55941
56.88989
57.02389
60.32399
62.63952
62.96973
65.21538
66.45543
68.20389
71.75085
74.18794
74.77545
75.38849
76.66342
76.74674
77.00331
78.78626
79.83008
80.12324
81.21681
86.23331
88.09569
88.53567
89.61232
91.32164
95.57311
95.97156
96.02184
96.81594
99.01511
99.51202
102.1533
102.6701
103.7338
105.8573
108.4913
110.9511
112.1518
113.9733
115.8702
116.0311
116.2151
117.7216
118.6049
119.2023
119.2625
121.3741
121.437
121.6974
122.3985
123.3814
123.6588
124.2991
126.672
127.3778
128.3561
131.0555
131.1831
131.3066
132.3273
136.831
144.3895
147.3088
150.1985
150.6667
152.51
156.07
156.145
158.7981
160.222
160.3667
161.0458
162.7897
162.7967
163.1875
164.8007
168.6462
169.8973
172.4932
175.8838
176.0654
176.1798
177.4353
178.225
183.6679
186.2661
186.9437
187.35
188.1092
191.6906
193.2893
194.7923
195.8599
196.6299
199.2644
199.959
200.0278
