0.9225967
1.885985
4.643043
5.392259
6.488102
8.684667
11.24062
13.69307
15.51201
15.94255
17.49956
21.99402
22.48598
26.30395
28.68081
29.7299
31.65736
34.71314
34.85135
39.52608
40.81168
41.12644
42.89037
44.18766
44.922
45.44802
48.83011
51.2434
54.48119
54.60552
54.66594
57.14991
59.18388
59.54909
61.62521
63.81281
66.51823
66.52983
67.42158
69.00075
69.88918
70.5639
71.46958
74.58291
74.67478
75.39037
76.08465
76.40447
78.4543
79.82421
80.89807
81.12432
81.63357
87.73545
90.84826
92.72884
95.30041
96.63856
97.28013
97.42588
97.76096
98.93806
99.20458
99.34364
99.98174
100.541
101.3773
104.915
106.1665
106.9838
108.4773
108.9253
109.8342
114.0316
114.1368
115.0838
115.7016
115.8788
117.5516
118.3401
120.1063
120.211
120.3826
125.8608
126.5899
127.442
128.5868
135.6716
136.3508
139.9473
140.3173
142.2267
142.5037
143.3756
144.3236
145.9406
147.2349
148.4309
149.3031
153.7014
154.7394
159.8961
160.5111
164.1709
172.7469
172.829
173.4132
173.6818
175.1306
177.4983
177.8994
178.9258
180.3986
181.0408
181.7314
184.0554
184.6852
184.8686
187.2454
187.4064
190.4353
191.3361
191.8091
195.8636
195.8968
