0.4756456
1.375791
1.979148
3.355828
5.025423
8.576464
8.832484
9.157583
11.15124
11.96833
12.46513
12.55086
13.25135
14.09541
15.21056
17.04549
19.9902
20.06532
25.70269
28.46926
32.00262
32.49182
32.61091
32.73885
34.65218
38.20946
38.25839
38.57248
40.07036
40.33825
43.21658
43.68372
49.31119
49.58853
50.54955
53.94217
54.11586
56.5779
56.94914
57.71149
57.99326
62.72926
67.20475
69.55193
70.49793
70.86088
70.90609
75.53357
75.56463
76.94732
77.5453
77.87756
78.15681
78.2376
78.88932
79.81029
84.94632
86.75482
87.16787
87.67986
88.29032
88.66658
89.19829
89.34687
89.37283
92.27691
95.24568
95.38162
97.12324
102.1688
103.0698
108.8469
109.9137
114.6288
117.7463
117.9573
120.1652
123.0847
123.9063
123.9985
124.9737
126.951
128.0136
128.1945
130.5893
133.8621
134.9305
138.5691
138.6872
143.2925
145.9561
146.4302
148.7412
148.8659
151.1608
151.2614
153.9706
155.3053
155.8001
157.3317
165.2005
165.3558
167.2231
170.4656
171.0164
171.1946
172.4006
175.1615
175.4388
175.895
183.4588
188.002
188.4629
192.2914
193.319
194.1008
198.0557
198.153
199.9582
205.6199
